 3510.0  8.186E-13 8.177E-13 8.389E-13 8.440E-13 8.310E-13 8.327E-13 8.374E-13
 3519.8  8.320E-13 8.076E-13 7.845E-13 7.629E-13 7.604E-13 7.647E-13 7.900E-13
 3529.6  8.258E-13 8.102E-13 7.880E-13 8.068E-13 8.196E-13 8.241E-13 8.274E-13
 3539.4  8.312E-13 8.131E-13 8.405E-13 8.638E-13 8.828E-13 8.711E-13 8.152E-13
 3549.2  8.489E-13 8.266E-13 8.489E-13 8.613E-13 8.345E-13 8.346E-13 8.316E-13
 3559.0  8.515E-13 8.377E-13 8.182E-13 7.977E-13 7.872E-13 8.005E-13 8.001E-13
 3568.8  7.886E-13 7.673E-13 7.587E-13 7.881E-13 8.142E-13 8.208E-13 8.149E-13
 3578.6  8.223E-13 8.155E-13 7.979E-13 7.882E-13 7.742E-13 7.770E-13 7.832E-13
 3588.4  8.115E-13 8.305E-13 8.158E-13 8.237E-13 8.436E-13 8.359E-13 8.088E-13
 3598.2  8.087E-13 8.203E-13 8.017E-13 8.012E-13 8.052E-13 7.785E-13 7.542E-13
 3608.0  7.504E-13 7.630E-13 7.743E-13 8.137E-13 8.474E-13 8.261E-13 8.070E-13
 3617.8  8.185E-13 8.186E-13 7.922E-13 7.739E-13 7.943E-13 8.338E-13 8.629E-13
 3627.6  8.529E-13 8.272E-13 7.801E-13 7.631E-13 7.957E-13 8.224E-13 8.500E-13
 3637.4  8.271E-13 8.226E-13 8.226E-13 7.961E-13 8.079E-13 8.066E-13 8.055E-13
 3647.2  8.096E-13 8.138E-13 8.174E-13 8.176E-13 8.438E-13 8.690E-13 8.546E-13
 3657.0  8.579E-13 8.639E-13 8.511E-13 8.088E-13 8.019E-13 8.162E-13 8.078E-13
 3666.8  8.231E-13 8.424E-13 8.396E-13 8.431E-13 8.511E-13 8.379E-13 8.315E-13
 3676.6  8.393E-13 8.249E-13 7.955E-13 7.913E-13 8.088E-13 8.115E-13 8.081E-13
 3686.4  8.190E-13 8.291E-13 8.275E-13 8.131E-13 8.262E-13 8.767E-13 8.813E-13
 3696.2  8.062E-13 7.494E-13 7.629E-13 8.050E-13 8.233E-13 7.980E-13 7.764E-13
 3706.0  7.804E-13 7.930E-13 7.843E-13 7.618E-13 7.647E-13 8.066E-13 8.355E-13
 3715.8  8.569E-13 8.984E-13 8.680E-13 8.063E-13 7.623E-13 7.864E-13 8.618E-13
 3725.6  9.232E-13 9.797E-13 9.897E-13 9.632E-13 8.785E-13 7.696E-13 7.267E-13
 3735.4  7.471E-13 8.343E-13 9.492E-13 1.011E-12 1.054E-12 1.089E-12 1.042E-12
 3745.2  9.499E-13 8.525E-13 7.593E-13 7.014E-13 7.405E-13 8.446E-13 9.469E-13
 3755.0  1.048E-12 1.110E-12 1.122E-12 1.135E-12 1.155E-12 1.113E-12 1.061E-12
 3764.8  1.034E-12 9.734E-13 8.641E-13 7.734E-13 7.454E-13 7.705E-13 8.614E-13
 3774.6  1.013E-12 1.129E-12 1.218E-12 1.314E-12 1.381E-12 1.410E-12 1.394E-12
 3784.4  1.394E-12 1.410E-12 1.355E-12 1.287E-12 1.246E-12 1.163E-12 1.058E-12
 3794.2  9.473E-13 8.202E-13 7.396E-13 7.572E-13 8.544E-13 9.622E-13 1.078E-12
 3804.0  1.201E-12 1.301E-12 1.376E-12 1.453E-12 1.540E-12 1.533E-12 1.516E-12
 3813.8  1.555E-12 1.596E-12 1.586E-12 1.546E-12 1.518E-12 1.499E-12 1.476E-12
 3823.6  1.460E-12 1.377E-12 1.277E-12 1.207E-12 1.107E-12 9.753E-13 8.427E-13
 3833.4  7.507E-13 6.891E-13 7.081E-13 8.123E-13 9.312E-13 1.073E-12 1.217E-12
 3843.2  1.304E-12 1.366E-12 1.412E-12 1.489E-12 1.562E-12 1.614E-12 1.662E-12
 3853.0  1.692E-12 1.727E-12 1.760E-12 1.769E-12 1.787E-12 1.832E-12 1.886E-12
 3862.8  1.872E-12 1.846E-12 1.869E-12 1.866E-12 1.845E-12 1.802E-12 1.717E-12
 3872.6  1.666E-12 1.639E-12 1.598E-12 1.527E-12 1.441E-12 1.367E-12 1.293E-12
 3882.4  1.211E-12 1.093E-12 9.448E-13 8.164E-13 7.402E-13 7.534E-13 8.367E-13
 3892.2  9.462E-13 1.058E-12 1.142E-12 1.235E-12 1.366E-12 1.459E-12 1.510E-12
 3902.0  1.545E-12 1.571E-12 1.609E-12 1.685E-12 1.821E-12 1.876E-12 1.840E-12
 3911.8  1.896E-12 1.913E-12 1.906E-12 1.871E-12 1.856E-12 1.942E-12 1.952E-12
 3921.6  1.963E-12 2.037E-12 2.033E-12 1.958E-12 1.943E-12 1.863E-12 1.690E-12
 3931.4  1.505E-12 1.407E-12 1.534E-12 1.730E-12 1.862E-12 1.945E-12 1.932E-12
 3941.2  1.902E-12 1.863E-12 1.860E-12 1.860E-12 1.810E-12 1.789E-12 1.784E-12
 3951.0  1.763E-12 1.715E-12 1.682E-12 1.659E-12 1.554E-12 1.490E-12 1.417E-12
 3960.8  1.301E-12 1.196E-12 1.106E-12 9.850E-13 8.199E-13 6.895E-13 6.772E-13
 3970.6  7.499E-13 8.603E-13 9.984E-13 1.115E-12 1.187E-12 1.282E-12 1.390E-12
 3980.4  1.459E-12 1.494E-12 1.538E-12 1.601E-12 1.671E-12 1.740E-12 1.778E-12
 3990.2  1.809E-12 1.844E-12 1.859E-12 1.863E-12 1.890E-12 1.918E-12 1.915E-12
 4000.0  1.922E-12 1.941E-12 1.945E-12 1.916E-12 1.992E-12 2.078E-12 2.051E-12
 4009.8  1.996E-12 2.008E-12 2.019E-12 2.045E-12 2.078E-12 2.085E-12 2.064E-12
 4019.6  2.079E-12 2.112E-12 2.058E-12 2.057E-12 2.048E-12 2.013E-12 2.019E-12
 4029.4  2.010E-12 1.979E-12 1.973E-12 2.017E-12 2.066E-12 2.086E-12 2.104E-12
 4039.2  2.113E-12 2.022E-12 1.990E-12 1.990E-12 1.998E-12 2.023E-12 2.019E-12
 4049.0  2.052E-12 2.077E-12 2.034E-12 2.011E-12 1.943E-12 1.914E-12 2.001E-12
 4058.8  2.044E-12 2.012E-12 1.933E-12 1.859E-12 1.897E-12 1.918E-12 1.859E-12
 4068.6  1.826E-12 1.824E-12 1.841E-12 1.794E-12 1.681E-12 1.641E-12 1.662E-12
 4078.4  1.663E-12 1.656E-12 1.644E-12 1.632E-12 1.601E-12 1.541E-12 1.514E-12
 4088.2  1.504E-12 1.434E-12 1.322E-12 1.259E-12 1.207E-12 1.127E-12 9.807E-13
 4098.0  8.381E-13 7.318E-13 6.865E-13 7.240E-13 7.945E-13 9.042E-13 1.018E-12
 4107.8  1.108E-12 1.216E-12 1.260E-12 1.319E-12 1.422E-12 1.460E-12 1.484E-12
 4117.6  1.540E-12 1.600E-12 1.627E-12 1.612E-12 1.639E-12 1.681E-12 1.649E-12
 4127.4  1.655E-12 1.686E-12 1.711E-12 1.735E-12 1.772E-12 1.816E-12 1.841E-12
 4137.2  1.820E-12 1.878E-12 1.915E-12 1.858E-12 1.802E-12 1.811E-12 1.863E-12
 4147.0  1.896E-12 1.879E-12 1.904E-12 1.914E-12 1.890E-12 1.892E-12 1.843E-12
 4156.8  1.811E-12 1.835E-12 1.851E-12 1.871E-12 1.893E-12 1.888E-12 1.888E-12
 4166.6  1.902E-12 1.893E-12 1.840E-12 1.787E-12 1.805E-12 1.832E-12 1.815E-12
 4176.4  1.798E-12 1.791E-12 1.814E-12 1.830E-12 1.802E-12 1.805E-12 1.851E-12
 4186.2  1.845E-12 1.780E-12 1.819E-12 1.884E-12 1.917E-12 1.905E-12 1.871E-12
 4196.0  1.834E-12 1.793E-12 1.795E-12 1.771E-12 1.776E-12 1.812E-12 1.816E-12
 4205.8  1.851E-12 1.906E-12 1.917E-12 1.899E-12 1.876E-12 1.861E-12 1.842E-12
 4215.6  1.811E-12 1.785E-12 1.796E-12 1.815E-12 1.804E-12 1.765E-12 1.775E-12
 4225.4  1.772E-12 1.740E-12 1.772E-12 1.807E-12 1.807E-12 1.785E-12 1.773E-12
 4235.2  1.781E-12 1.812E-12 1.824E-12 1.827E-12 1.827E-12 1.842E-12 1.848E-12
 4245.0  1.793E-12 1.745E-12 1.732E-12 1.714E-12 1.720E-12 1.752E-12 1.769E-12
 4254.8  1.765E-12 1.763E-12 1.772E-12 1.764E-12 1.724E-12 1.714E-12 1.761E-12
 4264.6  1.803E-12 1.814E-12 1.800E-12 1.771E-12 1.728E-12 1.682E-12 1.676E-12
 4274.4  1.682E-12 1.716E-12 1.772E-12 1.786E-12 1.783E-12 1.755E-12 1.713E-12
 4284.2  1.717E-12 1.724E-12 1.708E-12 1.696E-12 1.681E-12 1.679E-12 1.691E-12
 4294.0  1.683E-12 1.682E-12 1.634E-12 1.579E-12 1.581E-12 1.584E-12 1.578E-12
 4303.8  1.601E-12 1.596E-12 1.565E-12 1.559E-12 1.584E-12 1.613E-12 1.595E-12
 4313.6  1.519E-12 1.499E-12 1.498E-12 1.507E-12 1.504E-12 1.459E-12 1.421E-12
 4323.4  1.397E-12 1.397E-12 1.328E-12 1.287E-12 1.280E-12 1.218E-12 1.152E-12
 4333.2  1.084E-12 9.917E-13 8.877E-13 7.717E-13 6.800E-13 6.386E-13 6.549E-13
 4343.0  7.399E-13 8.447E-13 9.226E-13 9.940E-13 1.053E-12 1.094E-12 1.120E-12
 4352.8  1.175E-12 1.284E-12 1.355E-12 1.358E-12 1.367E-12 1.398E-12 1.437E-12
 4362.6  1.472E-12 1.504E-12 1.549E-12 1.577E-12 1.576E-12 1.570E-12 1.581E-12
 4372.4  1.606E-12 1.575E-12 1.556E-12 1.617E-12 1.642E-12 1.676E-12 1.663E-12
 4382.2  1.571E-12 1.555E-12 1.597E-12 1.615E-12 1.629E-12 1.629E-12 1.630E-12
 4392.0  1.664E-12 1.663E-12 1.635E-12 1.628E-12 1.659E-12 1.677E-12 1.624E-12
 4401.8  1.599E-12 1.612E-12 1.619E-12 1.604E-12 1.611E-12 1.689E-12 1.705E-12
 4411.6  1.702E-12 1.700E-12 1.613E-12 1.588E-12 1.616E-12 1.659E-12 1.725E-12
 4421.4  1.696E-12 1.682E-12 1.703E-12 1.693E-12 1.692E-12 1.698E-12 1.656E-12
 4431.2  1.606E-12 1.583E-12 1.615E-12 1.679E-12 1.701E-12 1.688E-12 1.656E-12
 4441.0  1.645E-12 1.622E-12 1.600E-12 1.630E-12 1.631E-12 1.619E-12 1.646E-12
 4450.8  1.662E-12 1.637E-12 1.594E-12 1.619E-12 1.630E-12 1.553E-12 1.563E-12
 4460.6  1.610E-12 1.598E-12 1.604E-12 1.584E-12 1.556E-12 1.536E-12 1.518E-12
 4470.4  1.562E-12 1.612E-12 1.616E-12 1.597E-12 1.595E-12 1.593E-12 1.560E-12
 4480.2  1.507E-12 1.513E-12 1.573E-12 1.629E-12 1.620E-12 1.568E-12 1.575E-12
 4490.0  1.588E-12 1.592E-12 1.598E-12 1.605E-12 1.619E-12 1.619E-12 1.581E-12
 4499.8  1.567E-12 1.593E-12 1.632E-12 1.610E-12 1.596E-12 1.625E-12 1.641E-12
 4509.6  1.628E-12 1.606E-12 1.561E-12 1.552E-12 1.583E-12 1.581E-12 1.549E-12
 4519.4  1.531E-12 1.534E-12 1.514E-12 1.500E-12 1.516E-12 1.521E-12 1.518E-12
 4529.2  1.509E-12 1.505E-12 1.483E-12 1.501E-12 1.548E-12 1.557E-12 1.581E-12
 4539.0  1.569E-12 1.523E-12 1.534E-12 1.552E-12 1.515E-12 1.485E-12 1.455E-12
 4548.8  1.446E-12 1.483E-12 1.488E-12 1.473E-12 1.491E-12 1.510E-12 1.508E-12
 4558.6  1.563E-12 1.608E-12 1.534E-12 1.520E-12 1.552E-12 1.526E-12 1.487E-12
 4568.4  1.484E-12 1.474E-12 1.463E-12 1.468E-12 1.497E-12 1.507E-12 1.508E-12
 4578.2  1.493E-12 1.473E-12 1.470E-12 1.450E-12 1.439E-12 1.465E-12 1.485E-12
 4588.0  1.486E-12 1.479E-12 1.516E-12 1.541E-12 1.478E-12 1.445E-12 1.455E-12
 4597.8  1.465E-12 1.466E-12 1.468E-12 1.493E-12 1.465E-12 1.451E-12 1.445E-12
 4607.6  1.471E-12 1.466E-12 1.423E-12 1.422E-12 1.483E-12 1.493E-12 1.434E-12
 4617.4  1.392E-12 1.426E-12 1.471E-12 1.504E-12 1.470E-12 1.440E-12 1.472E-12
 4627.2  1.433E-12 1.446E-12 1.453E-12 1.432E-12 1.465E-12 1.463E-12 1.435E-12
 4637.0  1.419E-12 1.433E-12 1.467E-12 1.479E-12 1.489E-12 1.456E-12 1.429E-12
 4646.8  1.458E-12 1.452E-12 1.453E-12 1.475E-12 1.452E-12 1.454E-12 1.492E-12
 4656.6  1.477E-12 1.418E-12 1.425E-12 1.498E-12 1.474E-12 1.382E-12 1.363E-12
 4666.4  1.432E-12 1.474E-12 1.418E-12 1.426E-12 1.430E-12 1.400E-12 1.422E-12
 4676.2  1.401E-12 1.401E-12 1.398E-12 1.426E-12 1.487E-12 1.475E-12 1.481E-12
 4686.0  1.463E-12 1.450E-12 1.464E-12 1.436E-12 1.396E-12 1.391E-12 1.402E-12
 4695.8  1.415E-12 1.418E-12 1.405E-12 1.368E-12 1.380E-12 1.444E-12 1.448E-12
 4705.6  1.414E-12 1.396E-12 1.395E-12 1.413E-12 1.413E-12 1.413E-12 1.395E-12
 4715.4  1.384E-12 1.364E-12 1.319E-12 1.344E-12 1.354E-12 1.367E-12 1.398E-12
 4725.2  1.391E-12 1.386E-12 1.366E-12 1.366E-12 1.386E-12 1.374E-12 1.360E-12
 4735.0  1.341E-12 1.329E-12 1.357E-12 1.370E-12 1.354E-12 1.343E-12 1.337E-12
 4744.8  1.341E-12 1.352E-12 1.346E-12 1.337E-12 1.349E-12 1.355E-12 1.339E-12
 4754.6  1.341E-12 1.315E-12 1.311E-12 1.325E-12 1.299E-12 1.301E-12 1.326E-12
 4764.4  1.334E-12 1.325E-12 1.314E-12 1.323E-12 1.323E-12 1.320E-12 1.313E-12
 4774.2  1.316E-12 1.330E-12 1.343E-12 1.332E-12 1.320E-12 1.314E-12 1.299E-12
 4784.0  1.292E-12 1.279E-12 1.284E-12 1.291E-12 1.306E-12 1.307E-12 1.298E-12
 4793.8  1.298E-12 1.270E-12 1.309E-12 1.301E-12 1.265E-12 1.273E-12 1.267E-12
 4803.6  1.273E-12 1.273E-12 1.244E-12 1.223E-12 1.210E-12 1.206E-12 1.214E-12
 4813.4  1.205E-12 1.208E-12 1.235E-12 1.247E-12 1.235E-12 1.216E-12 1.218E-12
 4823.2  1.199E-12 1.184E-12 1.186E-12 1.160E-12 1.141E-12 1.153E-12 1.171E-12
 4833.0  1.183E-12 1.151E-12 1.113E-12 1.101E-12 1.081E-12 1.061E-12 1.028E-12
 4842.8  1.013E-12 9.796E-13 9.481E-13 9.249E-13 9.080E-13 8.913E-13 8.392E-13
 4852.6  7.825E-13 7.353E-13 6.783E-13 6.160E-13 5.612E-13 5.330E-13 5.656E-13
 4862.4  6.358E-13 7.056E-13 7.575E-13 7.954E-13 8.281E-13 8.578E-13 9.009E-13
 4872.2  9.357E-13 9.519E-13 9.523E-13 9.471E-13 9.998E-13 1.058E-12 1.080E-12
 4882.0  1.078E-12 1.061E-12 1.065E-12 1.070E-12 1.099E-12 1.116E-12 1.150E-12
 4891.8  1.183E-12 1.199E-12 1.182E-12 1.159E-12 1.173E-12 1.182E-12 1.183E-12
 4901.6  1.186E-12 1.199E-12 1.203E-12 1.187E-12 1.169E-12 1.156E-12 1.135E-12
 4911.4  1.131E-12 1.156E-12 1.167E-12 1.163E-12 1.158E-12 1.152E-12 1.130E-12
 4921.2  1.115E-12 1.122E-12 1.149E-12 1.174E-12 1.189E-12 1.201E-12 1.194E-12
 4931.0  1.186E-12 1.180E-12 1.178E-12 1.191E-12 1.195E-12 1.199E-12 1.202E-12
 4940.8  1.203E-12 1.216E-12 1.216E-12 1.215E-12 1.209E-12 1.189E-12 1.195E-12
 4950.6  1.189E-12 1.176E-12 1.160E-12 1.149E-12 1.147E-12 1.158E-12 1.170E-12
 4960.4  1.169E-12 1.179E-12 1.187E-12 1.181E-12 1.181E-12 1.173E-12 1.174E-12
 4970.2  1.166E-12 1.170E-12 1.172E-12 1.168E-12 1.176E-12 1.193E-12 1.192E-12
 4980.0  1.163E-12 1.132E-12 1.131E-12 1.142E-12 1.148E-12 1.158E-12 1.177E-12
 4989.8  1.180E-12 1.164E-12 1.167E-12 1.173E-12 1.164E-12 1.160E-12 1.163E-12
 4999.6  1.165E-12 1.148E-12 1.109E-12 1.072E-12 1.080E-12 1.113E-12 1.140E-12
 5009.4  1.144E-12 1.125E-12 1.103E-12 1.108E-12 1.104E-12 1.075E-12 1.061E-12
 5019.2  1.086E-12 1.127E-12 1.116E-12 1.132E-12 1.126E-12 1.129E-12 1.130E-12
 5029.0  1.128E-12 1.143E-12 1.123E-12 1.133E-12 1.133E-12 1.127E-12 1.137E-12
 5038.8  1.125E-12 1.099E-12 1.098E-12 1.124E-12 1.146E-12 1.144E-12 1.114E-12
 5048.6  1.102E-12 1.120E-12 1.128E-12 1.115E-12 1.098E-12 1.090E-12 1.097E-12
 5058.4  1.114E-12 1.124E-12 1.116E-12 1.094E-12 1.079E-12 1.085E-12 1.104E-12
 5068.2  1.120E-12 1.115E-12 1.106E-12 1.099E-12 1.096E-12 1.118E-12 1.113E-12
 5078.0  1.093E-12 1.069E-12 1.056E-12 1.085E-12 1.074E-12 1.074E-12 1.083E-12
 5087.8  1.103E-12 1.112E-12 1.091E-12 1.106E-12 1.102E-12 1.098E-12 1.079E-12
 5097.6  1.061E-12 1.049E-12 1.054E-12 1.077E-12 1.091E-12 1.079E-12 1.076E-12
 5107.4  1.064E-12 1.065E-12 1.077E-12 1.094E-12 1.111E-12 1.109E-12 1.107E-12
 5117.2  1.111E-12 1.108E-12 1.088E-12 1.079E-12 1.079E-12 1.064E-12 1.049E-12
 5127.0  1.038E-12 1.045E-12 1.074E-12 1.085E-12 1.070E-12 1.073E-12 1.072E-12
 5136.8  1.059E-12 1.031E-12 1.038E-12 1.064E-12 1.067E-12 1.048E-12 1.067E-12
 5146.6  1.058E-12 1.052E-12 1.057E-12 1.064E-12 1.030E-12 1.009E-12 1.024E-12
 5156.4  1.033E-12 1.038E-12 1.037E-12 1.026E-12 1.022E-12 1.014E-12 9.878E-13
 5166.2  9.516E-13 9.487E-13 9.636E-13 9.747E-13 9.879E-13 1.024E-12 1.035E-12
 5176.0  1.046E-12 1.056E-12 1.046E-12 1.020E-12 9.884E-13 9.757E-13 9.813E-13
 5185.8  9.938E-13 1.003E-12 9.950E-13 9.914E-13 1.000E-12 9.987E-13 9.950E-13
 5195.6  9.913E-13 9.905E-13 9.988E-13 9.960E-13 9.902E-13 9.780E-13 9.626E-13
 5205.4  9.759E-13 9.854E-13 1.001E-12 1.006E-12 1.017E-12 1.005E-12 9.887E-13
 5215.2  9.767E-13 1.008E-12 1.002E-12 1.007E-12 1.005E-12 9.920E-13 9.774E-13
 5225.0  9.537E-13 9.546E-13 9.582E-13 9.544E-13 9.586E-13 9.557E-13 9.618E-13
 5234.8  9.767E-13 1.002E-12 9.972E-13 9.839E-13 9.805E-13 9.811E-13 9.959E-13
 5244.6  9.997E-13 9.957E-13 9.985E-13 9.931E-13 9.805E-13 9.812E-13 9.880E-13
 5254.4  9.819E-13 9.814E-13 9.826E-13 9.797E-13 9.719E-13 9.589E-13 9.497E-13
 5264.2  9.337E-13 8.952E-13 8.988E-13 9.015E-13 9.047E-13 9.024E-13 9.049E-13
 5274.0  9.054E-13 9.141E-13 9.250E-13 9.400E-13 9.348E-13 9.374E-13 9.459E-13
 5283.8  9.580E-13 9.566E-13 9.597E-13 9.684E-13 9.749E-13 9.762E-13 9.687E-13
 5293.6  9.696E-13 9.765E-13 9.824E-13 9.853E-13 9.862E-13 9.797E-13 9.688E-13
 5303.4  9.626E-13 9.584E-13 9.514E-13 9.420E-13 9.349E-13 9.340E-13 9.288E-13
 5313.2  9.163E-13 9.157E-13 9.294E-13 9.379E-13 9.396E-13 9.452E-13 9.442E-13
 5323.0  9.341E-13 9.299E-13 9.169E-13 9.075E-13 9.128E-13 9.482E-13 9.457E-13
 5332.8  9.378E-13 9.313E-13 9.237E-13 9.366E-13 9.468E-13 9.545E-13 9.518E-13
 5342.6  9.475E-13 9.446E-13 9.419E-13 9.433E-13 9.524E-13 9.424E-13 9.353E-13
 5352.4  9.430E-13 9.602E-13 9.588E-13 9.458E-13 9.258E-13 9.164E-13 9.097E-13
 5362.2  9.059E-13 9.085E-13 9.011E-13 9.115E-13 9.162E-13 9.074E-13 9.102E-13
 5372.0  9.072E-13 9.168E-13 9.351E-13 9.368E-13 9.352E-13 9.295E-13 9.224E-13
 5381.8  9.212E-13 9.149E-13 9.143E-13 9.309E-13 9.177E-13 9.032E-13 8.986E-13
 5391.6  9.093E-13 9.094E-13 9.082E-13 9.016E-13 8.990E-13 9.091E-13 9.018E-13
 5401.4  8.878E-13 8.849E-13 9.005E-13 9.035E-13 8.988E-13 8.936E-13 8.898E-13
 5411.2  8.921E-13 8.974E-13 8.855E-13 8.908E-13 8.955E-13 8.985E-13 9.054E-13
 5421.0  8.891E-13 8.868E-13 8.973E-13 9.013E-13 9.085E-13 9.021E-13 8.891E-13
 5430.8  8.844E-13 8.758E-13 8.832E-13 8.941E-13 8.912E-13 8.901E-13 9.017E-13
 5440.6  9.080E-13 8.977E-13 8.845E-13 8.713E-13 8.649E-13 8.609E-13 8.761E-13
 5450.4  8.938E-13 8.848E-13 8.697E-13 8.688E-13 8.749E-13 8.860E-13 8.825E-13
 5460.2  8.778E-13 8.827E-13 8.829E-13 8.783E-13 8.707E-13 8.517E-13 8.511E-13
 5470.0  8.478E-13 8.428E-13 8.397E-13 8.342E-13 8.345E-13 8.450E-13 8.554E-13
 5479.8  8.574E-13 8.567E-13 8.684E-13 8.735E-13 8.602E-13 8.546E-13 8.568E-13
 5489.6  8.566E-13 8.547E-13 8.506E-13 8.489E-13 8.487E-13 8.555E-13 8.574E-13
 5499.4  8.582E-13 8.641E-13 8.708E-13 8.715E-13 8.560E-13 8.426E-13 8.361E-13
 5509.2  8.344E-13 8.376E-13 8.406E-13 8.531E-13 8.576E-13 8.532E-13 8.600E-13
 5519.0  8.683E-13 8.600E-13 8.526E-13 8.433E-13 8.487E-13 8.411E-13 8.347E-13
 5528.8  8.277E-13 8.329E-13 8.360E-13 8.314E-13 8.208E-13 8.394E-13 8.421E-13
 5538.6  8.400E-13 8.385E-13 8.444E-13 8.422E-13 8.403E-13 8.403E-13 8.436E-13
 5548.4  8.511E-13 8.604E-13 8.714E-13 8.638E-13 8.416E-13 8.247E-13 8.164E-13
 5558.2  8.198E-13 8.243E-13 8.227E-13 8.243E-13 8.254E-13 8.195E-13 8.121E-13
 5568.0  8.105E-13 8.195E-13 8.289E-13 8.243E-13 8.182E-13 8.223E-13 8.303E-13
 5577.8  8.411E-13 8.469E-13 8.459E-13 8.392E-13 8.221E-13 8.075E-13 7.934E-13
 5587.6  7.879E-13 8.053E-13 8.096E-13 8.044E-13 7.974E-13 7.948E-13 8.050E-13
 5597.4  8.021E-13 7.944E-13 7.904E-13 7.934E-13 8.011E-13 8.181E-13 8.233E-13
 5607.2  8.312E-13 8.179E-13 8.097E-13 8.143E-13 8.135E-13 7.955E-13 7.894E-13
 5617.0  7.906E-13 7.949E-13 8.024E-13 8.030E-13 8.043E-13 8.096E-13 8.106E-13
 5626.8  8.141E-13 8.166E-13 8.150E-13 8.086E-13 7.995E-13 7.992E-13 8.000E-13
 5636.6  8.117E-13 8.164E-13 7.945E-13 8.002E-13 8.114E-13 8.065E-13 7.999E-13
 5646.4  7.935E-13 7.912E-13 7.957E-13 7.924E-13 7.940E-13 7.807E-13 7.691E-13
 5656.2  7.707E-13 7.639E-13 7.629E-13 7.628E-13 7.592E-13 7.624E-13 7.711E-13
 5666.0  7.791E-13 7.891E-13 7.892E-13 7.844E-13 7.855E-13 7.862E-13 7.862E-13
 5675.8  7.865E-13 7.815E-13 7.778E-13 7.745E-13 7.724E-13 7.735E-13 7.737E-13
 5685.6  7.766E-13 7.741E-13 7.880E-13 8.034E-13 7.995E-13 8.004E-13 7.935E-13
 5695.4  7.741E-13 7.668E-13 7.664E-13 7.669E-13 7.747E-13 7.720E-13 7.619E-13
 5705.2  7.581E-13 7.576E-13 7.616E-13 7.621E-13 7.646E-13 7.724E-13 7.667E-13
 5715.0  7.628E-13 7.583E-13 7.526E-13 7.444E-13 7.469E-13 7.670E-13 7.672E-13
 5724.8  7.644E-13 7.741E-13 7.655E-13 7.679E-13 7.709E-13 7.691E-13 7.726E-13
 5734.6  7.751E-13 7.662E-13 7.638E-13 7.600E-13 7.663E-13 7.677E-13 7.607E-13
 5744.4  7.535E-13 7.459E-13 7.450E-13 7.476E-13 7.435E-13 7.398E-13 7.375E-13
 5754.2  7.409E-13 7.476E-13 7.451E-13 7.416E-13 7.394E-13 7.375E-13 7.368E-13
 5764.0  7.327E-13 7.314E-13 7.324E-13 7.406E-13 7.505E-13 7.469E-13 7.356E-13
 5773.8  7.456E-13 7.494E-13 7.446E-13 7.457E-13 7.406E-13 7.426E-13 7.378E-13
 5783.6  7.347E-13 7.399E-13 7.395E-13 7.345E-13 7.267E-13 7.278E-13 7.311E-13
 5793.4  7.211E-13 7.239E-13 7.337E-13 7.412E-13 7.485E-13 7.342E-13 7.238E-13
 5803.2  7.284E-13 7.343E-13 7.366E-13 7.415E-13 7.369E-13 7.355E-13 7.312E-13
 5813.0  7.250E-13 7.255E-13 7.290E-13 7.289E-13 7.284E-13 7.343E-13 7.365E-13
 5822.8  7.313E-13 7.279E-13 7.274E-13 7.255E-13 7.292E-13 7.323E-13 7.216E-13
 5832.6  7.179E-13 7.158E-13 7.233E-13 7.292E-13 7.294E-13 7.253E-13 7.196E-13
 5842.4  7.130E-13 7.029E-13 6.992E-13 7.037E-13 7.089E-13 7.148E-13 7.159E-13
 5852.2  7.160E-13 6.966E-13 6.959E-13 7.079E-13 7.118E-13 7.054E-13 7.207E-13
 5862.0  7.191E-13 7.171E-13 7.206E-13 7.288E-13 7.317E-13 7.301E-13 7.235E-13
 5871.8  7.062E-13 7.101E-13 7.037E-13 6.849E-13 6.872E-13 6.958E-13 6.903E-13
 5881.6  6.779E-13 6.738E-13 6.813E-13 6.797E-13 6.611E-13 6.494E-13 6.550E-13
 5891.4  6.717E-13 6.784E-13 6.777E-13 6.900E-13 6.951E-13 6.874E-13 7.033E-13
 5901.2  7.056E-13 7.110E-13 7.173E-13 7.224E-13 7.108E-13 6.979E-13 6.980E-13
 5911.0  6.958E-13 6.908E-13 6.966E-13 6.944E-13 6.941E-13 6.896E-13 6.898E-13
 5920.8  6.958E-13 7.040E-13 6.837E-13 6.645E-13 6.620E-13 6.788E-13 6.822E-13
 5930.6  6.795E-13 6.846E-13 6.963E-13 7.071E-13 7.184E-13 6.969E-13 6.734E-13
 5940.4  6.757E-13 6.738E-13 6.703E-13 6.645E-13 6.630E-13 6.656E-13 6.593E-13
 5950.2  6.591E-13 6.710E-13 6.812E-13 6.800E-13 6.811E-13 6.779E-13 6.801E-13
 5960.0  6.918E-13 7.089E-13 6.950E-13 6.799E-13 6.704E-13 6.647E-13 6.681E-13
 5969.8  6.728E-13 6.714E-13 6.686E-13 6.659E-13 6.676E-13 6.574E-13 6.542E-13
 5979.6  6.653E-13 6.822E-13 6.993E-13 6.818E-13 6.768E-13 6.596E-13 6.512E-13
 5989.4  6.561E-13 6.586E-13 6.621E-13 6.605E-13 6.675E-13 6.754E-13 6.757E-13
 5999.2  6.742E-13 6.735E-13 6.725E-13 6.684E-13 6.605E-13 6.539E-13 6.530E-13
 6009.0  6.505E-13 6.541E-13 6.597E-13 6.599E-13 6.646E-13 6.703E-13 6.724E-13
 6018.8  6.609E-13 6.534E-13 6.499E-13 6.436E-13 6.418E-13 6.416E-13 6.359E-13
 6028.6  6.258E-13 6.243E-13 6.285E-13 6.271E-13 6.384E-13 6.344E-13 6.391E-13
 6038.4  6.483E-13 6.461E-13 6.474E-13 6.421E-13 6.521E-13 6.695E-13 6.761E-13
 6048.2  6.684E-13 6.487E-13 6.418E-13 6.356E-13 6.290E-13 6.223E-13 6.221E-13
 6058.0  6.347E-13 6.420E-13 6.362E-13 6.390E-13 6.410E-13 6.322E-13 6.265E-13
 6067.8  6.374E-13 6.440E-13 6.346E-13 6.315E-13 6.387E-13 6.367E-13 6.214E-13
 6077.6  6.210E-13 6.198E-13 6.174E-13 6.148E-13 6.041E-13 5.958E-13 6.039E-13
 6087.4  6.116E-13 6.119E-13 6.169E-13 6.318E-13 6.334E-13 6.201E-13 6.164E-13
 6097.2  6.259E-13 6.272E-13 6.170E-13 6.188E-13 6.253E-13 6.216E-13 6.182E-13
 6107.0  6.246E-13 6.337E-13 6.274E-13 6.180E-13 6.275E-13 6.358E-13 6.289E-13
 6116.8  6.184E-13 6.186E-13 6.244E-13 6.290E-13 6.262E-13 6.127E-13 5.979E-13
 6126.6  5.996E-13 6.157E-13 6.056E-13 6.037E-13 6.054E-13 5.938E-13 5.728E-13
 6136.4  5.640E-13 5.782E-13 6.024E-13 6.045E-13 5.964E-13 6.069E-13 6.136E-13
 6146.2  6.117E-13 6.048E-13 6.031E-13 6.084E-13 6.095E-13 6.049E-13 6.071E-13
 6156.0  6.024E-13 5.941E-13 5.939E-13 5.934E-13 5.989E-13 6.030E-13 5.987E-13
 6165.8  5.944E-13 5.868E-13 5.821E-13 5.750E-13 5.711E-13 5.843E-13 6.055E-13
 6175.6  6.150E-13 6.084E-13 5.983E-13 5.920E-13 5.898E-13 5.979E-13 6.087E-13
 6185.4  6.049E-13 5.928E-13 5.906E-13 5.959E-13 5.887E-13 5.777E-13 5.960E-13
 6195.2  6.175E-13 6.186E-13 6.078E-13 5.987E-13 5.953E-13 5.908E-13 5.912E-13
 6205.0  5.875E-13 5.769E-13 5.799E-13 5.965E-13 6.005E-13 5.909E-13 5.788E-13
 6214.8  5.643E-13 5.598E-13 5.690E-13 5.771E-13 5.810E-13 5.911E-13 5.934E-13
 6224.6  5.875E-13 5.878E-13 5.839E-13 5.626E-13 5.543E-13 5.467E-13 5.513E-13
 6234.4  5.677E-13 5.788E-13 5.724E-13 5.620E-13 5.672E-13 5.773E-13 5.816E-13
 6244.2  5.840E-13 5.849E-13 5.744E-13 5.637E-13 5.630E-13 5.675E-13 5.717E-13
 6254.0  5.769E-13 5.836E-13 5.819E-13 5.806E-13 5.767E-13 5.595E-13 5.472E-13
 6263.8  5.572E-13 5.694E-13 5.718E-13 5.778E-13 5.773E-13 5.653E-13 5.525E-13
 6273.6  5.495E-13 5.551E-13 5.616E-13 5.578E-13 5.469E-13 5.437E-13 5.504E-13
 6283.4  5.541E-13 5.550E-13 5.504E-13 5.484E-13 5.567E-13 5.642E-13 5.593E-13
 6293.2  5.611E-13 5.788E-13 5.857E-13 5.739E-13 5.656E-13 5.728E-13 5.679E-13
 6303.0  5.522E-13 5.473E-13 5.527E-13 5.549E-13 5.558E-13 5.529E-13 5.420E-13
 6312.8  5.367E-13 5.411E-13 5.418E-13 5.369E-13 5.318E-13 5.331E-13 5.425E-13
 6322.6  5.479E-13 5.556E-13 5.651E-13 5.667E-13 5.584E-13 5.507E-13 5.422E-13
 6332.4  5.393E-13 5.501E-13 5.643E-13 5.579E-13 5.615E-13 5.621E-13 5.592E-13
 6342.2  5.625E-13 5.564E-13 5.408E-13 5.264E-13 5.234E-13 5.273E-13 5.336E-13
 6352.0  5.502E-13 5.480E-13 5.365E-13 5.384E-13 5.487E-13 5.534E-13 5.510E-13
 6361.8  5.522E-13 5.530E-13 5.414E-13 5.251E-13 5.184E-13 5.205E-13 5.294E-13
 6371.6  5.448E-13 5.541E-13 5.512E-13 5.439E-13 5.406E-13 5.350E-13 5.315E-13
 6381.4  5.389E-13 5.421E-13 5.254E-13 5.210E-13 5.200E-13 5.236E-13 5.344E-13
 6391.2  5.365E-13 5.203E-13 5.045E-13 5.161E-13 5.427E-13 5.461E-13 5.350E-13
 6401.0  5.336E-13 5.298E-13 5.231E-13 5.278E-13 5.231E-13 5.087E-13 5.043E-13
 6410.8  5.116E-13 5.176E-13 5.179E-13 5.244E-13 5.328E-13 5.264E-13 5.136E-13
 6420.6  5.159E-13 5.248E-13 5.244E-13 5.264E-13 5.340E-13 5.394E-13 5.397E-13
 6430.4  5.397E-13 5.363E-13 5.284E-13 5.257E-13 5.396E-13 5.538E-13 5.462E-13
 6440.2  5.339E-13 5.329E-13 5.361E-13 5.333E-13 5.350E-13 5.275E-13 5.201E-13
 6450.0  5.340E-13 5.395E-13 5.310E-13 5.223E-13 5.183E-13 5.128E-13 5.147E-13
 6459.8  5.220E-13 5.196E-13 5.087E-13 5.105E-13 5.247E-13 5.326E-13 5.293E-13
 6469.6  5.230E-13 5.240E-13 5.217E-13 5.140E-13 5.147E-13 5.122E-13 5.065E-13
 6479.4  5.017E-13 4.991E-13 5.057E-13 5.109E-13 5.085E-13 5.066E-13 5.022E-13
 6489.2  4.990E-13 4.992E-13 5.011E-13 4.971E-13 4.865E-13 4.771E-13 4.792E-13
 6499.0  4.913E-13 5.019E-13 5.094E-13 5.112E-13 5.076E-13 5.094E-13 5.154E-13
 6508.8  5.108E-13 5.018E-13 4.984E-13 4.947E-13 4.896E-13 4.930E-13 4.970E-13
 6518.6  4.899E-13 4.896E-13 4.909E-13 4.816E-13 4.745E-13 4.676E-13 4.646E-13
 6528.4  4.709E-13 4.725E-13 4.692E-13 4.716E-13 4.760E-13 4.678E-13 4.610E-13
 6538.2  4.508E-13 4.405E-13 4.424E-13 4.376E-13 4.292E-13 4.248E-13 4.253E-13
 6548.0  4.218E-13 4.130E-13 3.991E-13 3.859E-13 3.802E-13 3.780E-13 3.688E-13
 6557.8  3.483E-13 3.231E-13 2.917E-13 2.624E-13 2.518E-13 2.707E-13 3.074E-13
 6567.6  3.417E-13 3.621E-13 3.705E-13 3.780E-13 3.867E-13 3.893E-13 3.928E-13
 6577.4  4.071E-13 4.146E-13 4.118E-13 4.207E-13 4.298E-13 4.352E-13 4.408E-13
 6587.2  4.480E-13 4.513E-13 4.564E-13 4.619E-13 4.590E-13 4.564E-13 4.605E-13
 6597.0  4.676E-13 4.695E-13 4.687E-13 4.582E-13 4.516E-13 4.611E-13 4.704E-13
 6606.8  4.772E-13 4.763E-13 4.676E-13 4.626E-13 4.689E-13 4.828E-13 4.889E-13
 6616.6  4.756E-13 4.593E-13 4.593E-13 4.707E-13 4.755E-13 4.711E-13 4.652E-13
 6626.4  4.677E-13 4.825E-13 4.931E-13 4.922E-13 4.848E-13 4.747E-13 4.792E-13
 6636.2  4.934E-13 4.972E-13 4.943E-13 4.848E-13 4.760E-13 4.759E-13 4.802E-13
 6646.0  4.882E-13 4.932E-13 4.875E-13 4.854E-13 4.823E-13 4.801E-13 4.837E-13
 6655.8  4.886E-13 4.767E-13 4.640E-13 4.708E-13 4.709E-13 4.733E-13 4.734E-13
 6665.6  4.625E-13 4.577E-13 4.693E-13 4.758E-13 4.688E-13 4.686E-13 4.649E-13
 6675.4  4.532E-13 4.506E-13 4.529E-13 4.561E-13 4.602E-13 4.636E-13 4.754E-13
 6685.2  4.901E-13 4.898E-13 4.814E-13 4.752E-13 4.729E-13 4.749E-13 4.840E-13
 6695.0  4.894E-13 4.822E-13 4.707E-13 4.699E-13 4.777E-13 4.844E-13 4.827E-13
 6704.8  4.772E-13 4.715E-13 4.655E-13 4.582E-13 4.559E-13 4.608E-13 4.630E-13
 6714.6  4.598E-13 4.593E-13 4.602E-13 4.615E-13 4.645E-13 4.740E-13 4.766E-13
 6724.4  4.698E-13 4.669E-13 4.639E-13 4.550E-13 4.491E-13 4.530E-13 4.610E-13
 6734.2  4.594E-13 4.541E-13 4.583E-13 4.555E-13 4.528E-13 4.610E-13 4.626E-13
 6744.0  4.628E-13 4.648E-13 4.660E-13 4.591E-13 4.574E-13 4.553E-13 4.460E-13
 6753.8  4.510E-13 4.529E-13 4.478E-13 4.412E-13 4.461E-13 4.542E-13 4.611E-13
 6763.6  4.651E-13 4.638E-13 4.615E-13 4.561E-13 4.491E-13 4.500E-13 4.614E-13
 6773.4  4.702E-13 4.662E-13 4.571E-13 4.646E-13 4.741E-13 4.634E-13 4.464E-13
 6783.2  4.385E-13 4.438E-13 4.593E-13 4.743E-13 4.784E-13 4.703E-13 4.579E-13
 6793.0  4.462E-13 4.454E-13 4.563E-13 4.587E-13 4.520E-13 4.485E-13 4.527E-13
 6802.8  4.472E-13 4.468E-13 4.552E-13 4.607E-13 4.558E-13 4.555E-13 4.574E-13
 6812.6  4.585E-13 4.509E-13 4.559E-13 4.600E-13 4.471E-13 4.362E-13 4.368E-13
 6822.4  4.430E-13 4.463E-13 4.468E-13 4.499E-13 4.464E-13 4.386E-13 4.427E-13
 6832.2  4.518E-13 4.550E-13 4.570E-13 4.592E-13 4.598E-13 4.570E-13 4.505E-13
 6842.0  4.419E-13 4.338E-13 4.338E-13 4.459E-13 4.519E-13 4.481E-13 4.450E-13
 6851.8  4.513E-13 4.570E-13 4.569E-13 4.515E-13 4.426E-13 4.376E-13 4.347E-13
 6861.6  4.324E-13 4.306E-13 4.262E-13 4.186E-13 3.946E-13 3.509E-13 3.212E-13
 6871.4  3.134E-13 3.155E-13 3.198E-13 3.374E-13 3.587E-13 3.719E-13 3.840E-13
 6881.2  4.035E-13 4.172E-13 4.165E-13 4.056E-13 3.820E-13 3.674E-13 3.760E-13
 6891.0  3.861E-13 3.899E-13 3.883E-13 3.877E-13 3.930E-13 4.038E-13 4.094E-13
 6900.8  4.095E-13 4.174E-13 4.147E-13 4.036E-13 3.956E-13 3.930E-13 3.917E-13
 6910.6  4.040E-13 4.258E-13 4.279E-13 4.240E-13 4.259E-13 4.278E-13 4.204E-13
 6920.4  4.151E-13 4.194E-13 4.260E-13 4.264E-13 4.251E-13 4.268E-13 4.237E-13
 6930.2  4.181E-13 4.238E-13 4.280E-13 4.298E-13 4.387E-13 4.452E-13 4.423E-13
 6940.0  4.321E-13 4.256E-13 4.278E-13 4.305E-13 4.319E-13 4.346E-13 4.299E-13
 6949.8  4.247E-13 4.226E-13 4.191E-13 4.169E-13 4.164E-13 4.166E-13 4.140E-13
 6959.6  4.088E-13 4.172E-13 4.331E-13 4.417E-13 4.385E-13 4.347E-13 4.303E-13
 6969.4  4.244E-13 4.217E-13 4.234E-13 4.249E-13 4.228E-13 4.177E-13 4.146E-13
 6979.2  4.218E-13 4.357E-13 4.466E-13 4.474E-13 4.368E-13 4.265E-13 4.293E-13
 6989.0  4.365E-13 4.284E-13 4.178E-13 4.233E-13 4.356E-13 4.479E-13 4.462E-13
 6998.8  4.304E-13 4.212E-13 4.257E-13 4.306E-13 4.300E-13 4.314E-13 4.332E-13
 7008.6  4.353E-13 4.283E-13 4.143E-13 4.164E-13 4.192E-13 4.163E-13 4.218E-13
 7018.4  4.396E-13 4.341E-13 4.190E-13 4.069E-13 4.026E-13 4.049E-13 4.078E-13
 7028.2  4.194E-13 4.295E-13 4.277E-13 4.293E-13 4.233E-13 4.151E-13 4.174E-13
 7038.0  4.215E-13 4.273E-13 4.285E-13 4.204E-13 4.167E-13 4.257E-13 4.380E-13
 7047.8  4.424E-13 4.389E-13 4.266E-13 4.194E-13 4.232E-13 4.260E-13 4.191E-13
 7057.6  4.060E-13 4.037E-13 4.141E-13 4.195E-13 4.265E-13 4.239E-13 4.185E-13
 7067.4  4.163E-13 4.026E-13 3.995E-13 4.015E-13 4.077E-13 4.196E-13 4.196E-13
 7077.2  4.131E-13 4.128E-13 4.128E-13 4.047E-13 3.994E-13 4.068E-13 4.138E-13
 7087.0  4.151E-13 4.211E-13 4.256E-13 4.297E-13 4.287E-13 4.122E-13 3.988E-13
 7096.8  4.020E-13 4.171E-13 4.293E-13 4.287E-13 4.288E-13 4.336E-13 4.313E-13
 7106.6  4.177E-13 4.091E-13 4.070E-13 4.108E-13 4.176E-13 4.127E-13 4.146E-13
 7116.4  4.184E-13 4.136E-13 4.042E-13 4.122E-13 4.133E-13 4.112E-13 4.232E-13
 7126.2  4.409E-13 4.310E-13 4.291E-13 4.156E-13 3.970E-13 4.024E-13 4.105E-13
 7136.0  4.194E-13 4.258E-13 4.253E-13 4.243E-13 4.166E-13 4.036E-13 3.923E-13
 7145.8  3.945E-13 4.100E-13 4.137E-13 4.109E-13 4.138E-13 4.151E-13 4.229E-13
 7155.6  4.243E-13 4.199E-13 4.203E-13 4.176E-13 3.957E-13 3.845E-13 3.917E-13
 7165.4  3.953E-13 3.877E-13 3.950E-13 3.983E-13 3.917E-13 3.821E-13 3.788E-13
 7175.2  3.905E-13 3.855E-13 3.837E-13 3.837E-13 3.661E-13 3.601E-13 3.680E-13
 7185.0  3.622E-13 3.483E-13 3.525E-13 3.695E-13 3.630E-13 3.549E-13 3.624E-13
 7194.8  3.733E-13 3.895E-13 3.916E-13 3.734E-13 3.618E-13 3.649E-13 3.707E-13
 7204.6  3.694E-13 3.680E-13 3.817E-13 3.986E-13 3.924E-13 3.890E-13 3.984E-13
 7214.4  3.958E-13 3.899E-13 4.049E-13 4.162E-13 4.100E-13 3.941E-13 3.881E-13
 7224.2  3.864E-13 3.941E-13 3.994E-13 3.968E-13 3.993E-13 3.951E-13 3.798E-13
 7234.0  3.684E-13 3.710E-13 3.857E-13 3.955E-13 3.839E-13 3.810E-13 3.947E-13
 7243.8  3.947E-13 3.766E-13 3.666E-13 3.729E-13 3.815E-13 3.823E-13 3.746E-13
 7253.6  3.692E-13 3.765E-13 3.963E-13 4.097E-13 3.996E-13 3.892E-13 3.884E-13
 7263.4  3.845E-13 3.849E-13 3.902E-13 3.927E-13 3.876E-13 3.816E-13 3.812E-13
 7273.2  3.819E-13 3.841E-13 3.749E-13 3.651E-13 3.698E-13 3.721E-13 3.839E-13
 7283.0  3.960E-13 3.925E-13 3.805E-13 3.841E-13 3.861E-13 3.629E-13 3.512E-13
 7292.8  3.596E-13 3.637E-13 3.827E-13 3.901E-13 3.665E-13 3.539E-13 3.603E-13
 7302.6  3.692E-13 3.677E-13 3.674E-13 3.824E-13 3.839E-13 3.751E-13 3.727E-13
 7312.4  3.740E-13 3.751E-13 3.787E-13 3.754E-13 3.669E-13 3.575E-13 3.493E-13
 7322.2  3.654E-13 3.716E-13 3.679E-13 3.702E-13 3.740E-13 3.760E-13 3.748E-13
 7332.0  3.788E-13 3.844E-13 3.871E-13 3.840E-13 3.735E-13 3.747E-13 3.680E-13
 7341.8  3.555E-13 3.657E-13 3.699E-13 3.654E-13 3.671E-13 3.745E-13 3.868E-13
 7351.6  3.844E-13 3.703E-13 3.675E-13 3.685E-13 3.631E-13 3.633E-13 3.757E-13
 7361.4  3.805E-13 3.746E-13 3.730E-13 3.710E-13 3.662E-13 3.683E-13 3.547E-13
 7371.2  3.501E-13 3.567E-13 3.591E-13 3.603E-13 3.580E-13 3.554E-13 3.550E-13
 7381.0  3.584E-13 3.538E-13 3.458E-13 3.434E-13 3.503E-13 3.541E-13 3.403E-13
 7390.8  3.353E-13 3.474E-13 3.624E-13 3.700E-13 3.636E-13 3.584E-13 3.587E-13
 7400.6  3.612E-13 3.714E-13 3.751E-13 3.615E-13 3.493E-13 3.519E-13 3.598E-13
 7410.4  3.574E-13 3.431E-13 3.323E-13 3.306E-13 3.391E-13 3.482E-13 3.500E-13
 7420.2  3.434E-13 3.425E-13 3.412E-13 3.352E-13 3.393E-13 3.483E-13
